code/v2/dhm_5000.txt
ncols         70
nrows         44
xllcorner     485424.00003544
yllcorner     75900.000017456
cellsize      5000
NODATA_value  -9999
[rows 0 to 30 of 44, columns 0 to 68 of 70]
-9999 -9999 -9999 -9999 -9999 -9999 -9999 -9999 -9999 -9999 -9999 -9999 -9999 -9999 -9999 -9999 -9999 -9999 -9999 -9999 -9999 -9999 -9999 -9999 -9999 -9999 -9999 -9999 -9999 -9999 -9999 -9999 -9999 -9999 -9999 -9999 -9999 -9999 -9999 -9999 639.603 559.702 -9999 -9999 -9999 -9999 -9999 -9999 -9999 -9999 -9999 -9999 -9999 -9999 -9999 -9999 -9999 -9999 -9999 -9999 -9999 -9999 -9999 -9999 -9999 -9999 -9999 -9999 -9999
-9999 -9999 -9999 -9999 -9999 -9999 -9999 -9999 -9999 -9999 -9999 -9999 -9999 -9999 -9999 -9999 -9999 -9999 -9999 -9999 -9999 -9999 -9999 -9999 -9999 -9999 -9999 -9999 -9999 -9999 -9999 -9999 -9999 -9999 -9999 -9999 -9999 -9999 534.098 870.796 715.502 602.9 -9999 -9999 -9999 -9999 -9999 -9999 -9999 -9999 -9999 -9999 -9999 -9999 -9999 -9999 -9999 -9999 -9999 -9999 -9999 -9999 -9999 -9999 -9999 -9999 -9999 -9999 -9999
-9999 -9999 -9999 -9999 -9999 -9999 -9999 -9999 -9999 -9999 -9999 -9999 -9999 -9999 -9999 -9999 -9999 -9999 -9999 -9999 -9999 -9999 -9999 -9999 -9999 -9999 -9999 -9999 -9999 -9999 -9999 -9999 -9999 -9999 -9999 -9999 -9999 555.705 475.1 499.001 566.902 -9999 -9999 419.998 -9999 -9999 -9999 -9999 -9999 -9999 -9999 -9999 -9999 -9999 -9999 -9999 -9999 -9999 -9999 -9999 -9999 -9999 -9999 -9999 -9999 -9999 -9999 -9999 -9999
-9999 -9999 -9999 -9999 -9999 -9999 -9999 -9999 -9999 -9999 -9999 -9999 -9999 -9999 -9999 -9999 -9999 -9999 -9999 -9999 -9999 -9999 -9999 -9999 -9999 -9999 -9999 -9999 -9999 -9999 -9999 -9999 -9999 -9999 -9999 -9999 -9999 -9999 412.902 -9999 410.197 553.398 429.2 458.102 408.202 396.001 613.098 551.101 410.999 396 -9999 -9999 -9999 -9999 -9999 -9999 -9999 -9999 -9999 -9999 -9999 -9999 -9999 -9999 -9999 -9999 -9999 -9999 -9999
-9999 -9999 -9999 -9999 -9999 -9999 -9999 -9999 -9999 -9999 -9999 -9999 -9999 -9999 -9999 -9999 -9999 -9999 -9999 -9999 -9999 -9999 -9999 -9999 -9999 -9999 -9999 -9999 -9999 -9999 -9999 -9999 -9999 -9999 309 335.4 -9999 -9999 445.998 442.898 354.501 398.899 447 452.902 521.201 525.198 478.498 496.302 501.301 553.7 441.699 -9999 -9999 -9999 -9999 -9999 -9999 -9999 -9999 -9999 -9999 -9999 -9999 -9999 -9999 -9999 -9999 -9999 -9999
-9999 -9999 -9999 -9999 -9999 -9999 -9999 -9999 -9999 -9999 -9999 -9999 -9999 -9999 -9999 -9999 -9999 -9999 -9999 -9999 -9999 -9999 -9999 -9999 -9999 252.199 -9999 -9999 292.095 335.903 -9999 -9999 -9999 483.295 386.501 478.799 339.301 407.502 339.601 357.297 393 470.099 462.998 406.7 383.901 420.398 595.802 462.201 433.3 467.901 456.499 440.802 -9999 -9999 -9999 -9999 -9999 -9999 -9999 -9999 -9999 -9999 -9999 -9999 -9999 -9999 -9999 -9999 -9999
-9999 -9999 -9999 -9999 -9999 -9999 -9999 -9999 -9999 -9999 -9999 -9999 -9999 -9999 -9999 -9999 -9999 -9999 -9999 -9999 -9999 -9999 -9999 -9999 353.498 312.896 268.602 306.397 353.003 477.598 368.803 319.602 493.798 466.502 570.9 436.5 493.796 566.004 439.197 429.201 428 415.202 482.697 489.697 533.201 447.603 468.802 586.197 554.202 469.497 507.801 487.496 427.205 -9999 -9999 -9999 -9999 -9999 -9999 -9999 -9999 -9999 -9999 -9999 -9999 -9999 -9999 -9999 -9999
-9999 -9999 -9999 -9999 -9999 -9999 -9999 -9999 -9999 -9999 -9999 -9999 -9999 -9999 -9999 -9999 416.299 447.602 423.203 -9999 -9999 -9999 -9999 383.596 330.698 298.502 600.799 309.001 600.301 655.498 595.603 542.798 459.997 578.404 329.401 393.803 491.002 766.8 417.399 429.201 566.196 607.403 567.798 646.797 633.999 586.598 510.8 608.198 532.301 527.597 584 595.899 586.998 481.902 614.896 399.504 -9999 -9999 -9999 -9999 -9999 -9999 -9999 -9999 -9999 -9999 -9999 -9999 -9999
-9999 -9999 -9999 -9999 -9999 -9999 -9999 -9999 -9999 -9999 -9999 -9999 -9999 -9999 -9999 600.699 582.299 522.798 525.401 563.697 680.799 530.404 725.004 593.2 372.797 389.102 605.3 398.001 578.103 603.5 559.799 546.997 710.097 432.299 400.899 398.303 447.397 557.102 435.4 480.6 483.801 537.201 664.402 556.201 571.504 732.703 735.202 591.402 570.798 612.903 701.102 671.597 718.7 692.203 1033.505 546.494 -9999 -9999 -9999 -9999 -9999 -9999 -9999 -9999 -9999 -9999 -9999 -9999 -9999
-9999 -9999 -9999 -9999 -9999 -9999 -9999 -9999 -9999 -9999 -9999 -9999 -9999 -9999 -9999 558.097 469 478.196 540.8 651.999 835.996 596.403 432.903 500.198 410.607 730.603 621.702 623.802 665.397 763 641.801 445.703 380.496 393.605 434.598 554.501 452.598 422.098 440.896 427.504 466.098 443.902 531.801 714.4 621.1 759.694 855.999 665.395 784.605 810.698 794.6 719.901 797.995 1124.796 689.705 412.001 -9999 -9999 -9999 -9999 -9999 -9999 -9999 -9999 -9999 -9999 -9999 -9999 -9999
-9999 -9999 -9999 -9999 -9999 -9999 -9999 -9999 -9999 -9999 -9999 -9999 -9999 -9999 -9999 -9999 -9999 421.597 676.599 599.398 571.698 422.701 443.899 505.304 983.604 732.195 744.703 818.695 1016.197 553.498 400.904 399.898 503.204 501.096 568.302 421.496 395.701 655.497 560.601 437.098 593.1 485.703 470.8 538.799 711.197 785.794 864.601 723.596 792.402 818.603 950.101 1046.796 785.108 880.295 515.592 -9999 -9999 -9999 -9999 -9999 -9999 -9999 -9999 -9999 -9999 -9999 -9999 -9999 -9999
-9999 -9999 -9999 -9999 -9999 -9999 -9999 -9999 -9999 -9999 -9999 -9999 -9999 -9999 -9999 -9999 616.296 729.7 832.704 737.805 666.901 972.799 820.498 1152.697 824.193 564.798 524.998 850.9 434.699 403.798 427.795 511.598 518.203 535.599 -9999 652.202 437.198 439.996 624.103 454 419.297 844.002 449.903 525.199 664.997 819.6 872.698 809.094 820.491 862.091 1139.204 1429.097 1024.394 998.984 586.714 -9999 -9999 -9999 -9999 -9999 -9999 -9999 -9999 -9999 -9999 -9999 -9999 -9999 -9999
-9999 -9999 -9999 -9999 -9999 -9999 -9999 -9999 -9999 -9999 -9999 -9999 -9999 -9999 -9999 627.604 988.305 1002.398 1065.794 1064.101 1290.901 872.803 1039.401 768.308 1087.299 769.699 471.893 455.801 415.1 469.499 490.4 617.602 519.998 649.302 580.403 668.8 592.596 385.804 535.598 672.497 483.804 -9999 587.201 499.598 467.099 586.093 666.604 1013.994 766.906 990.587 997.696 1882.491 2060.693 777.599 -9999 -9999 -9999 -9999 -9999 -9999 -9999 -9999 -9999 -9999 -9999 -9999 -9999 -9999 -9999
-9999 -9999 -9999 -9999 -9999 -9999 -9999 -9999 -9999 -9999 -9999 -9999 -9999 -9999 -9999 1040.405 1065.295 1020.593 1062.702 809.398 1288.797 1187.901 819.894 550.106 477.099 429.7 495.301 485.997 473.298 522.102 597.5 608.998 532.002 743.998 608.697 463.004 793.3 437.198 452.694 556.8 549.202 620.307 406.001 406.001 406.001 538.506 408.693 633.203 1313.31 1279.107 1496.303 1025.696 963.901 460.186 -9999 -9999 -9999 -9999 -9999 -9999 -9999 -9999 -9999 -9999 -9999 -9999 -9999 -9999 -9999
-9999 -9999 -9999 -9999 -9999 -9999 -9999 -9999 -9999 -9999 -9999 -9999 -9999 -9999 816.102 1040.004 1205.406 776.596 1148.195 1144.903 807.894 434.203 429.001 530.197 476.099 454.7 466.302 487.2 585.701 652.598 564.102 519.402 511.703 -9999 743.698 588.597 553.102 424.901 -9999 513.897 828.402 861.207 856.696 932.897 843.094 726.898 475.893 430.996 1473.292 1391.305 1780.994 2204.697 1229.404 973.085 -9999 -9999 -9999 -9999 -9999 -9999 -9999 -9999 -9999 -9999 -9999 -9999 -9999 -9999 -9999
-9999 -9999 -9999 -9999 -9999 -9999 -9999 -9999 -9999 -9999 -9999 -9999 1033.904 983.997 986.803 891.701 1127.503 1203.59 1067.993 -9999 465.404 429.903 499.703 602.599 481.5 475.6 534.199 663.6 640.6 654.399 678.1 548.4 541.402 666.6 508.496 564.801 436.799 409.3 431.197 952.996 735.995 1005.706 1049.005 -9999 1217.503 976.796 1572.397 499.989 900.012 523.307 420.792 427.614 1415.611 1273.399 463.605 -9999 -9999 -9999 -9999 -9999 -9999 -9999 -9999 -9999 -9999 -9999 -9999 -9999 -9999
-9999 -9999 -9999 -9999 -9999 -9999 -9999 -9999 -9999 -9999 -9999 -9999 1197.403 1042.997 1307.895 1044.494 1151.301 797.303 -9999 472.206 443.598 514.299 483.701 509.703 493.897 555.701 689.599 826.301 756.694 855.706 724.299 831.794 640.205 629.406 672.305 510.397 497.397 544.804 691.904 413 1173.803 1073.199 989.005 1257.696 948.598 900.008 1304.21 456.687 1723.692 1484.385 1994.895 1307.613 563.902 1040.197 488.794 2147.403 2253.009 -9999 -9999 -9999 -9999 -9999 -9999 -9999 -9999 -9999 -9999 -9999 -9999
-9999 -9999 -9999 -9999 -9999 -9999 -9999 -9999 -9999 -9999 -9999 1201.097 1119.105 1057.008 808.392 848.003 552.492 545.808 522.492 447.003 440.301 564.701 529.699 559.8 530.501 603.6 783.501 711.595 773.804 895.406 850.995 1013.798 752.707 736.104 584.697 527.107 474.2 -9999 -9999 1333.193 447.009 640.596 1401.907 1370.513 1249.596 1142.116 848.001 1596.219 1672.501 2332.2 2198.705 1948.086 838.286 662.289 498.699 1632.815 1434.186 2043.309 1470.709 2724.884 -9999 -9999 -9999 -9999 -9999 -9999 -9999 2476.197 -9999
-9999 -9999 -9999 -9999 -9999 -9999 -9999 -9999 -9999 969.804 1145.1 1177.708 997.998 1085.596 650.903 -9999 -9999 432.6 434.499 461.3 610.998 629.099 574.296 578.702 656.503 847.497 645.998 608.401 961.103 1109.6 1260.099 930.989 701.096 947.307 1306.002 1280.612 434 915.596 -9999 -9999 -9999 821.41 580.195 865.791 1521.789 2028.719 2333.582 588.212 1898.384 1685.21 2100.803 1471.401 2038.307 1958.513 1365.591 535.894 645.292 894.613 1692.586 1629.592 -9999 -9999 -9999 -9999 -9999 -9999 -9999 2032.609 1748.307
-9999 -9999 -9999 -9999 -9999 -9999 -9999 -9999 1183.696 1220.6 1147.394 757.9 865.596 528.495 -9999 -9999 458.995 -9999 431.9 493.298 641.898 560.101 544.001 558.301 567.695 831.995 968.102 758.206 838.295 1017.399 1153.497 787.8 1291.101 1123.597 1477.9 568.39 546.213 470.606 1172.41 1194.7 -9999 1350.793 1841.515 2138.283 1337.394 1937.001 1250.214 1130.89 2141.321 1051.998 2158.214 1998.895 2273.5 1869.297 1416.298 643.496 1716.295 1015.217 1089.202 1909.387 2087.812 2440.805 -9999 -9999 -9999 2562.187 2569.886 2344.603 2595.113
-9999 -9999 -9999 -9999 -9999 -9999 -9999 -9999 1097.3 1118.104 867.908 1286.594 660.402 -9999 -9999 482.305 433.594 469.1 573.1 549.1 585.497 644.4 663.397 741.2 539.997 741.699 684.201 922.098 925.002 1109.6 828.302 1244.006 1636.196 1453.002 1181.503 472.297 1417.905 528.206 2198.195 1036.695 673.211 1525.897 1480.595 2580.094 1687.91 1353.49 979.391 1472.893 1417.801 2409.407 2387.391 2363.682 2555.122 1472.878 1510.612 866.814 2086.585 1778.309 2172.607 1652.798 1410.208 2403.495 2548.988 -9999 -9999 2823.219 2135.082 2357.588 1353.2
-9999 -9999 -9999 -9999 -9999 -9999 -9999 -9999 1070.898 1455.802 1128.9 699.494 -9999 -9999 487.998 443.301 473.899 580.5 632.199 622.402 620.799 779.002 848.096 857.8 776.595 722.102 1058.295 888.308 925.311 1185.198 1428.401 1650.709 1376.805 1085.393 468.997 1014.108 1671.714 1348.809 2286.411 2380.918 1662 661.998 2105.905 1793.791 2686.313 2458.692 2512.822 2794.684 2423.304 2333.889 1607.206 1254.492 1632.585 671.91 688.397 990.804 1241.795 1672.305 2471.907 2157.189 1879.485 1796.989 2575.706 2391.301 2690.115 2611.012 2110.293 1364.307 1846.992
-9999 -9999 -9999 -9999 -9999 -9999 -9999 -9999 1201.901 595.708 509.699 -9999 428.994 605.802 490.102 481.801 555.5 643.5 660.597 676.8 837.096 811.004 837.702 820.803 624.501 571.198 865.899 923.913 1112.895 978.998 1067.296 1312.31 1224.709 1417.807 1658.584 2035.011 2205.513 1208.089 1511.597 2456.717 1609.598 727.418 2071.696 2459.222 2507.799 3100.985 2718.789 1624.598 1468.896 1376.61 1205.597 751.385 1036.899 1490.589 2108.312 1859.802 2262.918 1591.507 2490.303 1743.811 2446.806 2658.302 2864.908 2397.697 1820.197 1482.283 1535.098 2459.114 1864.91
-9999 -9999 -9999 -9999 -9999 -9999 -9999 1139.703 765.2 493.108 432.4 546.299 586.698 644.898 538.002 711.005 752.098 589.897 664.402 762.106 850.095 1156.298 945.2 1073.703 662.687 556.888 959.698 947.501 1423.101 1568.207 1526.888 1491.715 929.397 1250.593 1782.115 2370.907 1509.114 2761.789 2713.489 2241.611 2445.993 706.705 1319.209 2726.013 2313.212 2549.587 1558.386 1063.496 1148.105 1520.702 1517.183 1946.808 1441.005 638.21 1860.293 1589.787 2538.317 2314.587 1687.983 2078.815 2330.387 2599.199 2439.1 1522.388 2475.993 2563.496 2543.991 2079.096 -9999
-9999 -9999 -9999 -9999 -9999 -9999 1300.292 790.808 635.705 439.4 604.999 597.2 767.103 682.899 640.301 748.295 716.396 699.2 811.398 1015.401 1094.692 1161.91 1312.712 1442.698 745.307 626.591 -9999 1080.097 2005.104 997.187 -9999 703.99 1492.894 1578.703 604.815 1212.594 1014.52 2407.819 2623.488 2608.222 1228.681 1573.714 2069.611 2598.596 1787.423 1146.196 1769.703 2364.301 2149.703 1134.211 1739.704 2053.606 1894.599 835.094 1535.205 1450.897 2007.01 1723.211 1996.001 2618.912 2399.288 3023.085 2780.213 1484.114 2034.012 2586.701 2874.9 2503.31 -9999
-9999 -9999 -9999 -9999 -9999 1133.097 1142.598 995.901 610.296 441.195 606.701 646.497 835.803 503.904 795.607 781.593 1037.895 -9999 1024.208 1438.009 1324.094 1488.705 1950.01 1169.308 1580.093 1264.694 647.005 -9999 -9999 660.187 1466.583 2319.809 2389.18 1670.376 2146.817 807.708 2572.088 2688.509 2623.583 1769.811 1364.203 2603.495 1933.311 1581.914 1554.912 2628.187 1731.301 2368.407 1341.6 1665.792 2354.112 1478.985 2075.312 1810.403 1977.911 1114.792 1147.316 1586.714 2172.093 2200.808 2733.991 1854.994 1901.196 2306.596 2541.902 2531.508 1989.586 2309.999 2476.69
-9999 -9999 -9999 -9999 1155.403 1237.504 1275.291 642.106 598.308 558.002 599.401 745.704 713.5 671.606 890.698 829.807 924.397 781.089 1186.688 1399.801 1714.804 1748.799 809.192 1373.795 1431.903 1659.615 1290.315 1074.502 1509.009 1849.087 904.908 1298.826 1159.29 3338.299 3005.994 2818.212 2023.119 3086.516 2478.415 2523.415 1437.485 2179.302 1956.002 2367.011 1569.3 2837.208 2735.49 2328.388 2241.205 1731.388 2710.583 2787.99 1896.515 965.583 2371.116 1536.598 2019.707 2350.015 1533.687 2559.511 2561.285 1938.184 2147.998 2331.01 -9999 -9999 2014.509 2432.996 1608.103
-9999 -9999 -9999 1200.104 1330.494 1562.9 796.892 665.809 524.291 509.394 676.699 860.601 791.401 612.706 882.293 925.005 937.803 732.593 1425.903 1467.696 1508.109 1477.688 1524.709 1851.997 1829.014 1790.598 913.007 1079.513 2390.012 2134.304 1494.013 2037.281 1706.902 3558.42 3105.583 2829.608 2092.288 2317.986 2029.902 2248.178 2559.99 2339.186 2609.801 2152.396 2632.112 2562.193 1984.901 2882.184 2274.702 2498.69 2758.215 2091.903 1475.089 1577.094 2436.917 1885.704 1389.203 2436.481 2561.916 1993.588 2273.486 1919.403 2766.008 -9999 -9999 -9999 -9999 -9999 -9999
-9999 -9999 -9999 1331.104 1417.191 884.109 708.301 607.505 485.302 397.398 601.204 726.697 731.003 651.012 844.387 1393.698 1686.587 740.406 1958.309 1618.501 1845.309 1584.696 1279.21 1842.191 2053.486 1062.496 872.686 1782.905 2315.196 1871.921 2363.008 3279.382 3433.126 4029.008 3173.69 2303.016 2288.201 2171.818 2779.094 2731.283 1725.988 1608.694 2170.786 2414.682 1675.699 1445.392 2115.28 2330.8 2208.206 2346.596 2076.302 2335.498 2485.696 1854.787 2626.887 2615.388 1547.606 2638.015 2807.996 2424.299 1719.091 2899.599 2341.699 -9999 -9999 -9999 -9999 -9999 -9999
-9999 -9999 1208.099 1299.009 919.105 785.898 631.001 464.504 -9999 -9999 -9999 -9999 650.498 1053.387 548.793 1201.607 1340.103 1326.008 1480.706 1364.802 1236.389 1840.008 1167.404 2092.306 1964.187 1711.082 1249.208 1577.989 3484.815 2359.604 3801.676 2961.588 2684.284 3284.979 2901.184 1649.282 1864.316 2769.908 2449.4 1944.505 2598.396 2093.281 2125.782 796.895 1647.206 1528.192 1369.312 2566.912 2550.299 2042.411 2742.606 -9999 -9999 -9999 1824.608 2755.013 2342.811 2441.212 2245.896 1794.504 2218.306 2539.308 2518.191 -9999 -9999 -9999 -9999 -9999 -9999
-9999 -9999 1329.802 1001.592 576.607 435.398 -9999 -9999 -9999 -9999 -9999 -9999 -9999 -9999 422.816 942.901 1100.694 1413.012 1460.795 1881.4 1059.815 1733.613 1727.085 1643.385 1828.705 2422.61 2282.201 2293.412 3095.702 2186.283 2468.094 3164.814 3138.513 2110.473 1792.6 2067.105 2626.509 -9999 -9999 1976.918 1895.02 2171.194 2675.091 1529.702 618.782 1827.581 1149.109 1857.797 2496.796 2078.589 1848.595 -9999 -9999 -9999 2076.785 2049.591 2516.39 2707.691 1796.997 2595.983 2617.899 2305.101 2338.4 2721.479 2456.89 -9999 -9999 -9999 -9999
